50
3
1 2 3
2 3 5
3 5 6
2 3 4
1 2 3
2
2 4
6 8
2 6
3
7 12 15
1 5 7
1 5 6
5 8 12
6 11 15
4
2 4 6 8
4 6 8 9
2 3 4 5
4 8 10 11
3 6 7 10
5 9 11 12
6 7 10 11
5
6 7 10 11 13
7 9 11 13 14
9 10 13 15 17
4 6 8 9 10
4 6 7 9 10
8 9 12 13 15
2 4 6 7 9
6 8 10 12 13
9 10 13 14 17
7
7 12 15 17 20 23 25
8 10 12 15 17 19 22
10 13 15 19 23 26 29
3 6 11 12 13 15 19
10 14 17 19 22 26 27
2 5 8 10 11 13 16
9 11 13 16 20 22 23
11 16 19 20 25 27 32
5 9 14 15 16 19 20
1 2 3 5 7 10 12
12 15 18 22 23 29 32
1 3 6 8 9 10 11
6 8 11 14 15 17 18
4
4 5 8 10
8 10 12 14
7 8 12 14
6 8 10 12
2 4 6 7
2 4 6 8
4 5 7 8
6
2 3 4 5 9 12
2 5 7 10 11 14
12 22 27 31 33 36
7 12 16 19 23 27
11 17 18 24 28 33
14 20 22 25 29 36
3 8 12 14 17 20
10 14 17 22 25 31
4 12 16 17 18 22
5 8 12 14 18 22
9 18 23 25 28 29
6
11 13 18 20 22 27
9 11 16 18 20 22
3 6 8 10 11 13
3 5 7 9 11 14
13 15 21 22 23 28
7 10 13 15 18 21
8 9 13 16 19 21
10 12 15 18 20 24
14 16 21 24 27 28
5 8 9 12 13 15
6 8 10 11 13 16
3
1 2 3
3 4 5
1 2 3
2 3 4
2 3 4
5
1 2 3 4 6
5 6 7 9 10
6 8 9 10 13
1 2 3 5 7
3 4 6 8 9
2 3 4 6 8
2 3 4 6 8
4 6 8 9 12
7 8 10 12 13
4
55 64 83 103
60 64 86 103
43 51 69 86
15 28 42 60
15 22 43 55
42 52 69 83
22 49 52 64
4
1 2 3 4
4 5 6 7
2 3 4 5
2 3 4 5
1 2 3 4
3 4 5 6
4 5 6 7
4
6 8 10 11
3 5 7 8
2 3 5 6
2 3 5 6
6 8 9 11
5 7 8 9
3 5 6 8
4
1 2 4 5
2 4 5 9
5 9 13 16
9 12 15 16
1 2 6 9
6 7 11 13
2 4 7 12
10
102 122 156 177 197 209 226 241 249 273
80 104 133 163 181 188 213 225 241 257
140 161 203 218 229 239 249 268 280 293
95 140 164 170 225 237 257 273 286 293
23 37 47 53 62 75 83 101 115 140
8 37 48 49 85 96 104 122 145 161
34 62 81 116 143 158 181 197 220 229
22 47 60 85 105 115 133 156 179 203
61 85 105 128 143 153 175 182 207 225
3 8 22 30 34 50 53 58 77 95
45 49 85 102 116 133 141 157 169 170
127 145 179 186 220 222 231 258 270 286
3 23 26 45 61 64 80 102 127 140
50 75 84 133 153 160 188 209 222 239
26 48 60 68 81 84 102 116 140 164
53 83 102 141 175 194 213 226 231 249
58 101 116 157 182 198 225 241 258 268
30 53 68 102 128 148 163 177 186 218
64 96 115 148 158 160 194 198 231 237
5
6 8 11 13 15
4 7 9 10 12
2 5 6 9 11
3 5 7 8 10
1 2 4 6 7
1 3 5 7 8
5 6 9 11 13
8 11 12 15 16
7 10 13 15 16
2
6 8
4 8
2 4
6
3 5 7 9 10 12
6 9 10 13 15 16
8 9 12 14 16 18
5 6 9 11 13 15
1 2 3 5 6 8
4 7 8 11 12 14
2 3 5 6 7 9
3 5 7 8 10 12
8 10 12 15 17 18
2 3 5 7 9 10
6 7 10 12 15 17
4
2 6 10 14
5 6 7 8
1 5 9 13
4 8 12 16
3 7 11 15
13 14 15 16
1 2 3 4
5
1 5 6 8 9
7 10 18 19 23
1 2 3 6 7
2 6 7 9 11
6 9 15 16 19
3 7 11 15 18
9 11 18 19 23
8 9 15 16 19
5 6 7 9 10
7
56 57 79 84 109 121 130
85 120 137 164 183 188 204
65 83 88 112 115 131 143
59 91 130 143 189 201 204
49 80 121 131 167 179 188
39 40 43 52 59 80 91
47 59 109 115 142 165 183
14 39 56 65 68 70 85
25 40 57 83 93 104 120
68 93 111 120 142 167 189
14 25 31 43 47 49 59
70 104 136 148 165 179 201
43 52 84 112 120 148 164
10
71 72 73 74 75 76 77 78 79 80
51 52 53 54 55 56 57 58 59 60
41 42 43 44 45 46 47 48 49 50
3 13 23 33 43 53 63 73 83 93
8 18 28 38 48 58 68 78 88 98
7 17 27 37 47 57 67 77 87 97
1 11 21 31 41 51 61 71 81 91
2 12 22 32 42 52 62 72 82 92
10 20 30 40 50 60 70 80 90 100
11 12 13 14 15 16 17 18 19 20
31 32 33 34 35 36 37 38 39 40
5 15 25 35 45 55 65 75 85 95
6 16 26 36 46 56 66 76 86 96
21 22 23 24 25 26 27 28 29 30
81 82 83 84 85 86 87 88 89 90
61 62 63 64 65 66 67 68 69 70
1 2 3 4 5 6 7 8 9 10
4 14 24 34 44 54 64 74 84 94
91 92 93 94 95 96 97 98 99 100
4
4 6 8 9
5 8 11 14
1 4 7 8
8 9 12 17
8 12 14 17
1 4 5 8
4 6 10 12
2
3 5
3 6
6 9
7
5 12 19 26 33 40 47
36 37 38 39 40 41 42
7 14 21 28 35 42 49
8 9 10 11 12 13 14
3 10 17 24 31 38 45
6 13 20 27 34 41 48
1 8 15 22 29 36 43
43 44 45 46 47 48 49
2 9 16 23 30 37 44
15 16 17 18 19 20 21
4 11 18 25 32 39 46
29 30 31 32 33 34 35
1 2 3 4 5 6 7
10
2 3 4 5 6 7 8 9 10 11
4 5 6 7 8 9 10 11 12 13
1 2 3 4 5 6 7 8 9 10
7 8 9 10 11 12 13 14 15 16
4 5 6 7 8 9 10 11 12 13
3 4 5 6 7 8 9 10 11 12
9 10 11 12 13 14 15 16 17 18
8 9 10 11 12 13 14 15 16 17
9 10 11 12 13 14 15 16 17 18
3 4 5 6 7 8 9 10 11 12
6 7 8 9 10 11 12 13 14 15
5 6 7 8 9 10 11 12 13 14
8 9 10 11 12 13 14 15 16 17
6 7 8 9 10 11 12 13 14 15
2 3 4 5 6 7 8 9 10 11
10 11 12 13 14 15 16 17 18 19
10 11 12 13 14 15 16 17 18 19
1 2 3 4 5 6 7 8 9 10
5 6 7 8 9 10 11 12 13 14
7
6 11 15 18 20 21 32
3 8 12 13 14 15 26
1 2 3 4 5 6 23
23 25 27 28 31 33 34
2 7 8 9 10 11 25
2 7 8 9 10 11 24
4 9 13 16 17 18 28
5 10 14 17 19 20 31
22 24 26 29 30 32 34
1 2 3 4 5 6 22
6 11 15 18 20 21 33
4 9 13 16 17 18 29
3 8 12 13 14 15 27
3
3 7 8
3 5 8
8 11 17
7 10 11
8 14 17
2
2 22
22 222
22 222
7
14 17 20 21 23 26 29
7 9 13 15 17 21 23
2 7 9 14 15 20 25
3 9 14 17 21 23 28
15 21 23 26 34 42 46
20 23 24 29 35 45 47
2 3 6 11 14 15 20
20 23 29 34 38 42 45
25 28 30 37 41 46 47
11 15 16 21 29 34 37
14 17 20 23 31 38 41
6 13 15 20 26 29 30
9 14 15 16 20 23 24
2
2 4
2 6
4 8
7
6 7 8 9 10 11 12
4 5 6 7 8 9 10
1 2 3 4 5 6 7
1 2 3 4 5 6 7
7 8 9 10 11 12 13
7 8 9 10 11 12 13
3 4 5 6 7 8 9
2 3 4 5 6 7 8
3 4 5 6 7 8 9
5 6 7 8 9 10 11
6 7 8 9 10 11 12
5 6 7 8 9 10 11
4 5 6 7 8 9 10
10
6 14 21 27 32 36 37 38 39 57
8 16 23 29 34 38 41 43 44 61
1 2 3 4 5 6 7 8 9 46
4 12 19 25 26 27 28 29 30 52
4 12 19 25 26 27 28 29 30 53
3 11 18 19 20 21 22 23 24 50
2 10 11 12 13 14 15 16 17 48
9 17 24 30 35 39 42 44 45 63
5 13 20 26 31 32 33 34 35 55
6 14 21 27 32 36 37 38 39 56
46 49 50 52 54 56 59 61 63 64
5 13 20 26 31 32 33 34 35 54
1 2 3 4 5 6 7 8 9 47
3 11 18 19 20 21 22 23 24 51
8 16 23 29 34 38 41 43 44 60
47 48 51 53 55 57 58 60 62 64
9 17 24 30 35 39 42 44 45 62
2 10 11 12 13 14 15 16 17 49
7 15 22 28 33 37 40 41 42 58
3
8 12 14
6 9 14
1 4 8
4 6 9
5 6 12
2
6 8
4 8
2 6
2
2 22
22 222
2 22
5
4 5 7 9 11
8 9 11 13 14
10 11 13 14 16
6 7 9 11 13
2 4 6 8 9
8 10 11 13 14
6 8 9 11 13
9 11 13 14 16
4 5 8 10 11
7
9 10 14 15 17 20 21
11 13 16 18 19 22 24
8 9 12 14 16 18 20
4 5 8 11 12 15 17
5 6 8 10 12 14 16
3 4 5 8 9 10 13
7 9 11 12 14 15 18
2 3 5 7 9 11 12
2 3 4 6 8 9 11
6 8 10 12 14 16 18
3 4 6 9 11 13 15
9 11 12 14 16 17 19
11 13 15 16 18 20 22
10
23 26 28 32 37 38 39 42 45 47
6 8 11 12 15 17 18 21 22 24
7 11 13 14 17 18 20 22 25 27
5 11 13 15 16 18 20 23 27 28
19 22 25 26 31 33 37 40 41 45
9 15 17 18 21 25 28 31 34 37
4 8 11 12 13 17 19 22 24 26
6 12 14 17 19 22 23 25 29 32
17 19 20 23 28 29 32 34 37 40
16 21 22 25 28 30 34 39 40 42
19 22 23 25 31 34 37 39 40 41
20 24 27 29 34 35 38 40 41 43
3 6 7 8 11 14 17 19 20 23
8 12 15 17 18 19 23 25 26 28
14 18 20 23 25 29 32 37 38 39
20 24 27 28 33 34 40 41 43 47
14 17 18 22 25 26 29 30 33 34
12 17 18 19 23 26 29 34 35 38
3 4 5 6 9 12 14 16 19 20
5
3 6 9 13 14
14 19 22 24 31
13 14 20 21 29
14 16 17 21 24
6 8 11 16 21
3 5 10 14 19
10 11 15 20 22
19 21 25 29 31
5 8 13 14 19
3
2 4 6
6 10 11
6 8 11
4 7 8
2 4 6
3
1 2 3
1 2 3
2 3 4
3 4 5
3 4 5
3
5 6 8
3 5 6
4 7 8
2 4 5
4 5 7
10
9 12 16 17 20 22 23 24 26 28
8 11 14 16 18 19 20 22 24 25
11 14 20 22 23 24 26 27 30 31
10 13 18 20 22 23 25 26 28 29
4 6 7 8 10 11 13 14 15 16
12 14 18 20 22 24 26 27 30 31
9 11 15 17 19 22 23 24 26 28
3 6 8 10 11 12 13 14 15 17
7 8 12 14 16 17 20 22 23 25
14 17 23 25 27 28 30 31 34 36
14 15 20 22 24 26 28 30 32 34
13 15 21 23 24 26 28 30 32 34
8 10 13 15 18 20 22 23 24 27
10 13 17 18 20 23 25 26 28 30
7 10 12 14 15 17 18 20 22 24
2 4 5 7 8 9 10 11 13 14
5 7 10 12 14 16 18 20 21 23
2 3 5 7 8 9 10 12 14 15
15 16 21 24 25 28 29 31 34 36
2
2 4
4 5
4 5
3
5 7 12
2 3 7
2 5 7
7 12 13
7 12 13
7
14 15 16 20 25 27 30
24 29 35 39 42 45 46
11 14 20 24 32 39 41
28 31 40 41 47 48 53
23 25 30 33 41 46 53
9 10 13 14 16 24 25
10 13 16 21 30 35 40
4 8 10 11 14 19 23
14 16 25 29 35 42 47
19 24 27 32 37 45 48
4 9 14 18 20 24 28
18 20 21 24 29 32 33
20 25 30 32 35 37 41
4
1 2 3 7
2 4 5 10
8 10 11 13
7 9 12 13
1 2 3 8
3 5 6 11
3 5 6 12
3
3 4 5
3 4 5
1 2 3
2 3 4
2 3 4
