100
2 3 2
1 1 1
2 1 2
3 2 3
78 3 78
4 17 4
14 3 14
48 5 48
9 1 9
80 8 80
62 3 62
48 1 48
38 7 38
14 9 14
1 51 1
52 3 52
40 8 40
34 8 34
6 20 6
2 4 2
3 4 3
77 6 77
4 29 4
1 2 1
21 4 21
18 14 18
85 7 85
100 9 100
10 18 10
68 9 68
50 4 50
3 37 3
60 4 60
34 7 34
48 8 48
54 9 54
3 3 3
66 7 66
48 10 48
4 1 4
13 4 13
32 5 32
43 10 43
1 61 1
91 5 91
36 4 36
45 9 45
4 2 4
100 2 100
19 10 19
100 4 100
9 18 9
73 3 73
2 59 2
1 100 1
68 3 68
1 14 1
1 73 1
35 11 35
2 2 2
5 19 5
4 19 4
81 6 81
8 18 8
1 3 1
1 31 1
10 13 10
3 1 3
66 2 66
11 15 11
87 9 87
31 4 31
4 3 4
10 5 10
1 4 1
17 10 17
37 6 37
1 43 1
12 10 12
1 78 1
11 14 11
95 4 95
91 4 91
33 5 33
100 3 100
52 8 52
14 7 14
54 6 54
1 87 1
4 4 4
100 1 100
23 6 23
47 6 47
96 6 96
39 6 39
73 9 73
12 3 3
67 8 8
11 11 11
14 8 14
